{
 "cells": [
  {
   "cell_type": "markdown",
   "metadata": {},
   "source": [
    "# Recommendation System"
   ]
  },
  {
   "cell_type": "code",
   "execution_count": 36,
   "metadata": {},
   "outputs": [],
   "source": [
    "from collections import Counter\n",
    "\n",
    "import pandas as pd\n",
    "import numpy as np\n",
    "\n",
    "import pickle as pk\n",
    "\n",
    "import matplotlib.pyplot as plt\n",
    "import seaborn as sns\n",
    "\n",
    "from scipy import stats\n",
    "\n",
    "from jupyterthemes import jtplot\n",
    "jtplot.style(figsize=(15, 9))"
   ]
  },
  {
   "cell_type": "markdown",
   "metadata": {},
   "source": [
    "## Data"
   ]
  },
  {
   "cell_type": "markdown",
   "metadata": {},
   "source": [
    "### Movies"
   ]
  },
  {
   "cell_type": "code",
   "execution_count": 2,
   "metadata": {},
   "outputs": [
    {
     "data": {
      "text/html": [
       "<div>\n",
       "<style scoped>\n",
       "    .dataframe tbody tr th:only-of-type {\n",
       "        vertical-align: middle;\n",
       "    }\n",
       "\n",
       "    .dataframe tbody tr th {\n",
       "        vertical-align: top;\n",
       "    }\n",
       "\n",
       "    .dataframe thead th {\n",
       "        text-align: right;\n",
       "    }\n",
       "</style>\n",
       "<table border=\"1\" class=\"dataframe\">\n",
       "  <thead>\n",
       "    <tr style=\"text-align: right;\">\n",
       "      <th></th>\n",
       "      <th>genre_ids</th>\n",
       "      <th>overview</th>\n",
       "      <th>popularity</th>\n",
       "      <th>release_date</th>\n",
       "      <th>title</th>\n",
       "      <th>vote_average</th>\n",
       "      <th>vote_count</th>\n",
       "      <th>genres</th>\n",
       "      <th>cast</th>\n",
       "      <th>crew</th>\n",
       "      <th>keywords</th>\n",
       "    </tr>\n",
       "    <tr>\n",
       "      <th>id</th>\n",
       "      <th></th>\n",
       "      <th></th>\n",
       "      <th></th>\n",
       "      <th></th>\n",
       "      <th></th>\n",
       "      <th></th>\n",
       "      <th></th>\n",
       "      <th></th>\n",
       "      <th></th>\n",
       "      <th></th>\n",
       "      <th></th>\n",
       "    </tr>\n",
       "  </thead>\n",
       "  <tbody>\n",
       "    <tr>\n",
       "      <th>385687</th>\n",
       "      <td>[28, 80, 53]</td>\n",
       "      <td>Over many missions and against impossible odds...</td>\n",
       "      <td>4654.279</td>\n",
       "      <td>2023-05-17</td>\n",
       "      <td>Fast X</td>\n",
       "      <td>7.3</td>\n",
       "      <td>2093</td>\n",
       "      <td>Action, Crime, Thriller</td>\n",
       "      <td>[{'cast_id': 12835, 'name': 'Vin Diesel', 'cha...</td>\n",
       "      <td>[{'crew_id': 1302, 'name': 'Susie Figgis', 'de...</td>\n",
       "      <td>[{'id': 9663, 'name': 'sequel'}, {'id': 9748, ...</td>\n",
       "    </tr>\n",
       "    <tr>\n",
       "      <th>697843</th>\n",
       "      <td>[28, 53]</td>\n",
       "      <td>Tasked with extracting a family who is at the ...</td>\n",
       "      <td>2494.010</td>\n",
       "      <td>2023-06-09</td>\n",
       "      <td>Extraction 2</td>\n",
       "      <td>7.7</td>\n",
       "      <td>910</td>\n",
       "      <td>Action, Thriller</td>\n",
       "      <td>[{'cast_id': 74568, 'name': 'Chris Hemsworth',...</td>\n",
       "      <td>[{'crew_id': 950, 'name': 'Pietro Scalia', 'de...</td>\n",
       "      <td>[{'id': 3070, 'name': 'mercenary'}, {'id': 966...</td>\n",
       "    </tr>\n",
       "    <tr>\n",
       "      <th>603692</th>\n",
       "      <td>[28, 53, 80]</td>\n",
       "      <td>With the price on his head ever increasing, Jo...</td>\n",
       "      <td>1920.127</td>\n",
       "      <td>2023-03-22</td>\n",
       "      <td>John Wick: Chapter 4</td>\n",
       "      <td>7.9</td>\n",
       "      <td>3344</td>\n",
       "      <td>Action, Thriller, Crime</td>\n",
       "      <td>[{'cast_id': 6384, 'name': 'Keanu Reeves', 'ch...</td>\n",
       "      <td>[{'crew_id': 3615, 'name': 'Manfred Banach', '...</td>\n",
       "      <td>[{'id': 242, 'name': 'new york city'}, {'id': ...</td>\n",
       "    </tr>\n",
       "    <tr>\n",
       "      <th>569094</th>\n",
       "      <td>[28, 12, 16, 878]</td>\n",
       "      <td>After reuniting with Gwen Stacy, Brooklyn’s fu...</td>\n",
       "      <td>2013.795</td>\n",
       "      <td>2023-05-31</td>\n",
       "      <td>Spider-Man: Across the Spider-Verse</td>\n",
       "      <td>8.6</td>\n",
       "      <td>1796</td>\n",
       "      <td>Action, Adventure, Animation, Science Fiction</td>\n",
       "      <td>[{'cast_id': 587506, 'name': 'Shameik Moore', ...</td>\n",
       "      <td>[{'crew_id': 7624, 'name': 'Stan Lee', 'depart...</td>\n",
       "      <td>[{'id': 2858, 'name': 'sacrifice'}, {'id': 328...</td>\n",
       "    </tr>\n",
       "    <tr>\n",
       "      <th>502356</th>\n",
       "      <td>[16, 10751, 12, 14, 35]</td>\n",
       "      <td>While working underground to fix a water main,...</td>\n",
       "      <td>1539.037</td>\n",
       "      <td>2023-04-05</td>\n",
       "      <td>The Super Mario Bros. Movie</td>\n",
       "      <td>7.8</td>\n",
       "      <td>5165</td>\n",
       "      <td>Animation, Family, Adventure, Fantasy, Comedy</td>\n",
       "      <td>[{'cast_id': 73457, 'name': 'Chris Pratt', 'ch...</td>\n",
       "      <td>[{'crew_id': 70851, 'name': 'Jack Black', 'dep...</td>\n",
       "      <td>[{'id': 282, 'name': 'video game'}, {'id': 690...</td>\n",
       "    </tr>\n",
       "  </tbody>\n",
       "</table>\n",
       "</div>"
      ],
      "text/plain": [
       "                      genre_ids  \\\n",
       "id                                \n",
       "385687             [28, 80, 53]   \n",
       "697843                 [28, 53]   \n",
       "603692             [28, 53, 80]   \n",
       "569094        [28, 12, 16, 878]   \n",
       "502356  [16, 10751, 12, 14, 35]   \n",
       "\n",
       "                                                 overview  popularity  \\\n",
       "id                                                                      \n",
       "385687  Over many missions and against impossible odds...    4654.279   \n",
       "697843  Tasked with extracting a family who is at the ...    2494.010   \n",
       "603692  With the price on his head ever increasing, Jo...    1920.127   \n",
       "569094  After reuniting with Gwen Stacy, Brooklyn’s fu...    2013.795   \n",
       "502356  While working underground to fix a water main,...    1539.037   \n",
       "\n",
       "       release_date                                title  vote_average  \\\n",
       "id                                                                       \n",
       "385687   2023-05-17                               Fast X           7.3   \n",
       "697843   2023-06-09                         Extraction 2           7.7   \n",
       "603692   2023-03-22                 John Wick: Chapter 4           7.9   \n",
       "569094   2023-05-31  Spider-Man: Across the Spider-Verse           8.6   \n",
       "502356   2023-04-05          The Super Mario Bros. Movie           7.8   \n",
       "\n",
       "        vote_count                                         genres  \\\n",
       "id                                                                  \n",
       "385687        2093                        Action, Crime, Thriller   \n",
       "697843         910                               Action, Thriller   \n",
       "603692        3344                        Action, Thriller, Crime   \n",
       "569094        1796  Action, Adventure, Animation, Science Fiction   \n",
       "502356        5165  Animation, Family, Adventure, Fantasy, Comedy   \n",
       "\n",
       "                                                     cast  \\\n",
       "id                                                          \n",
       "385687  [{'cast_id': 12835, 'name': 'Vin Diesel', 'cha...   \n",
       "697843  [{'cast_id': 74568, 'name': 'Chris Hemsworth',...   \n",
       "603692  [{'cast_id': 6384, 'name': 'Keanu Reeves', 'ch...   \n",
       "569094  [{'cast_id': 587506, 'name': 'Shameik Moore', ...   \n",
       "502356  [{'cast_id': 73457, 'name': 'Chris Pratt', 'ch...   \n",
       "\n",
       "                                                     crew  \\\n",
       "id                                                          \n",
       "385687  [{'crew_id': 1302, 'name': 'Susie Figgis', 'de...   \n",
       "697843  [{'crew_id': 950, 'name': 'Pietro Scalia', 'de...   \n",
       "603692  [{'crew_id': 3615, 'name': 'Manfred Banach', '...   \n",
       "569094  [{'crew_id': 7624, 'name': 'Stan Lee', 'depart...   \n",
       "502356  [{'crew_id': 70851, 'name': 'Jack Black', 'dep...   \n",
       "\n",
       "                                                 keywords  \n",
       "id                                                         \n",
       "385687  [{'id': 9663, 'name': 'sequel'}, {'id': 9748, ...  \n",
       "697843  [{'id': 3070, 'name': 'mercenary'}, {'id': 966...  \n",
       "603692  [{'id': 242, 'name': 'new york city'}, {'id': ...  \n",
       "569094  [{'id': 2858, 'name': 'sacrifice'}, {'id': 328...  \n",
       "502356  [{'id': 282, 'name': 'video game'}, {'id': 690...  "
      ]
     },
     "execution_count": 2,
     "metadata": {},
     "output_type": "execute_result"
    }
   ],
   "source": [
    "movies = pd.read_csv('../data/popular_10000_movies/movies_dataset_CLEAN.csv', index_col='id')\n",
    "movies.head()"
   ]
  },
  {
   "cell_type": "code",
   "execution_count": 3,
   "metadata": {},
   "outputs": [
    {
     "data": {
      "text/html": [
       "<div>\n",
       "<style scoped>\n",
       "    .dataframe tbody tr th:only-of-type {\n",
       "        vertical-align: middle;\n",
       "    }\n",
       "\n",
       "    .dataframe tbody tr th {\n",
       "        vertical-align: top;\n",
       "    }\n",
       "\n",
       "    .dataframe thead th {\n",
       "        text-align: right;\n",
       "    }\n",
       "</style>\n",
       "<table border=\"1\" class=\"dataframe\">\n",
       "  <thead>\n",
       "    <tr style=\"text-align: right;\">\n",
       "      <th></th>\n",
       "      <th>popularity</th>\n",
       "      <th>release_date</th>\n",
       "      <th>title</th>\n",
       "      <th>vote_average</th>\n",
       "      <th>vote_count</th>\n",
       "    </tr>\n",
       "    <tr>\n",
       "      <th>id</th>\n",
       "      <th></th>\n",
       "      <th></th>\n",
       "      <th></th>\n",
       "      <th></th>\n",
       "      <th></th>\n",
       "    </tr>\n",
       "  </thead>\n",
       "  <tbody>\n",
       "    <tr>\n",
       "      <th>385687</th>\n",
       "      <td>4654.279</td>\n",
       "      <td>2023-05-17</td>\n",
       "      <td>Fast X</td>\n",
       "      <td>7.3</td>\n",
       "      <td>2093</td>\n",
       "    </tr>\n",
       "    <tr>\n",
       "      <th>697843</th>\n",
       "      <td>2494.010</td>\n",
       "      <td>2023-06-09</td>\n",
       "      <td>Extraction 2</td>\n",
       "      <td>7.7</td>\n",
       "      <td>910</td>\n",
       "    </tr>\n",
       "    <tr>\n",
       "      <th>603692</th>\n",
       "      <td>1920.127</td>\n",
       "      <td>2023-03-22</td>\n",
       "      <td>John Wick: Chapter 4</td>\n",
       "      <td>7.9</td>\n",
       "      <td>3344</td>\n",
       "    </tr>\n",
       "    <tr>\n",
       "      <th>569094</th>\n",
       "      <td>2013.795</td>\n",
       "      <td>2023-05-31</td>\n",
       "      <td>Spider-Man: Across the Spider-Verse</td>\n",
       "      <td>8.6</td>\n",
       "      <td>1796</td>\n",
       "    </tr>\n",
       "    <tr>\n",
       "      <th>502356</th>\n",
       "      <td>1539.037</td>\n",
       "      <td>2023-04-05</td>\n",
       "      <td>The Super Mario Bros. Movie</td>\n",
       "      <td>7.8</td>\n",
       "      <td>5165</td>\n",
       "    </tr>\n",
       "  </tbody>\n",
       "</table>\n",
       "</div>"
      ],
      "text/plain": [
       "        popularity release_date                                title  \\\n",
       "id                                                                     \n",
       "385687    4654.279   2023-05-17                               Fast X   \n",
       "697843    2494.010   2023-06-09                         Extraction 2   \n",
       "603692    1920.127   2023-03-22                 John Wick: Chapter 4   \n",
       "569094    2013.795   2023-05-31  Spider-Man: Across the Spider-Verse   \n",
       "502356    1539.037   2023-04-05          The Super Mario Bros. Movie   \n",
       "\n",
       "        vote_average  vote_count  \n",
       "id                                \n",
       "385687           7.3        2093  \n",
       "697843           7.7         910  \n",
       "603692           7.9        3344  \n",
       "569094           8.6        1796  \n",
       "502356           7.8        5165  "
      ]
     },
     "execution_count": 3,
     "metadata": {},
     "output_type": "execute_result"
    }
   ],
   "source": [
    "movies = movies[['popularity', 'release_date', 'title', 'vote_average', 'vote_count']]\n",
    "movies.head()"
   ]
  },
  {
   "cell_type": "code",
   "execution_count": 4,
   "metadata": {},
   "outputs": [
    {
     "data": {
      "text/plain": [
       "popularity      float64\n",
       "release_date     object\n",
       "title            object\n",
       "vote_average    float64\n",
       "vote_count        int64\n",
       "dtype: object"
      ]
     },
     "execution_count": 4,
     "metadata": {},
     "output_type": "execute_result"
    }
   ],
   "source": [
    "movies.dtypes"
   ]
  },
  {
   "cell_type": "markdown",
   "metadata": {},
   "source": [
    "### Genres: cosine similarity and one-hot labeling"
   ]
  },
  {
   "cell_type": "code",
   "execution_count": 8,
   "metadata": {},
   "outputs": [
    {
     "data": {
      "text/html": [
       "<div>\n",
       "<style scoped>\n",
       "    .dataframe tbody tr th:only-of-type {\n",
       "        vertical-align: middle;\n",
       "    }\n",
       "\n",
       "    .dataframe tbody tr th {\n",
       "        vertical-align: top;\n",
       "    }\n",
       "\n",
       "    .dataframe thead th {\n",
       "        text-align: right;\n",
       "    }\n",
       "</style>\n",
       "<table border=\"1\" class=\"dataframe\">\n",
       "  <thead>\n",
       "    <tr style=\"text-align: right;\">\n",
       "      <th></th>\n",
       "      <th>TV Movie</th>\n",
       "      <th>Thriller</th>\n",
       "      <th>Action</th>\n",
       "      <th>Mystery</th>\n",
       "      <th>Crime</th>\n",
       "      <th>Documentary</th>\n",
       "      <th>Adventure</th>\n",
       "      <th>Science Fiction</th>\n",
       "      <th>Drama</th>\n",
       "      <th>Animation</th>\n",
       "      <th>Music</th>\n",
       "      <th>Fantasy</th>\n",
       "      <th>Family</th>\n",
       "      <th>Romance</th>\n",
       "      <th>Western</th>\n",
       "      <th>War</th>\n",
       "      <th>History</th>\n",
       "      <th>Horror</th>\n",
       "      <th>Comedy</th>\n",
       "    </tr>\n",
       "  </thead>\n",
       "  <tbody>\n",
       "    <tr>\n",
       "      <th>TV Movie</th>\n",
       "      <td>1.000000</td>\n",
       "      <td>0.394733</td>\n",
       "      <td>0.513236</td>\n",
       "      <td>0.396730</td>\n",
       "      <td>0.364897</td>\n",
       "      <td>0.273702</td>\n",
       "      <td>0.592527</td>\n",
       "      <td>0.535230</td>\n",
       "      <td>0.511371</td>\n",
       "      <td>0.599006</td>\n",
       "      <td>0.580721</td>\n",
       "      <td>0.615960</td>\n",
       "      <td>0.676505</td>\n",
       "      <td>0.495483</td>\n",
       "      <td>0.354297</td>\n",
       "      <td>0.326719</td>\n",
       "      <td>0.332524</td>\n",
       "      <td>0.410583</td>\n",
       "      <td>0.677208</td>\n",
       "    </tr>\n",
       "    <tr>\n",
       "      <th>Thriller</th>\n",
       "      <td>0.394733</td>\n",
       "      <td>1.000000</td>\n",
       "      <td>0.717784</td>\n",
       "      <td>0.803086</td>\n",
       "      <td>0.803562</td>\n",
       "      <td>0.252943</td>\n",
       "      <td>0.478655</td>\n",
       "      <td>0.632004</td>\n",
       "      <td>0.747659</td>\n",
       "      <td>0.276127</td>\n",
       "      <td>0.261950</td>\n",
       "      <td>0.419476</td>\n",
       "      <td>0.280956</td>\n",
       "      <td>0.495854</td>\n",
       "      <td>0.468874</td>\n",
       "      <td>0.527351</td>\n",
       "      <td>0.504018</td>\n",
       "      <td>0.717057</td>\n",
       "      <td>0.440748</td>\n",
       "    </tr>\n",
       "    <tr>\n",
       "      <th>Action</th>\n",
       "      <td>0.513236</td>\n",
       "      <td>0.717784</td>\n",
       "      <td>1.000000</td>\n",
       "      <td>0.554684</td>\n",
       "      <td>0.650536</td>\n",
       "      <td>0.291962</td>\n",
       "      <td>0.797106</td>\n",
       "      <td>0.781199</td>\n",
       "      <td>0.623967</td>\n",
       "      <td>0.589238</td>\n",
       "      <td>0.364484</td>\n",
       "      <td>0.625936</td>\n",
       "      <td>0.571553</td>\n",
       "      <td>0.473524</td>\n",
       "      <td>0.555539</td>\n",
       "      <td>0.573059</td>\n",
       "      <td>0.479258</td>\n",
       "      <td>0.612385</td>\n",
       "      <td>0.641312</td>\n",
       "    </tr>\n",
       "    <tr>\n",
       "      <th>Mystery</th>\n",
       "      <td>0.396730</td>\n",
       "      <td>0.803086</td>\n",
       "      <td>0.554684</td>\n",
       "      <td>1.000000</td>\n",
       "      <td>0.702164</td>\n",
       "      <td>0.263122</td>\n",
       "      <td>0.456686</td>\n",
       "      <td>0.554591</td>\n",
       "      <td>0.662259</td>\n",
       "      <td>0.365163</td>\n",
       "      <td>0.314863</td>\n",
       "      <td>0.449878</td>\n",
       "      <td>0.368790</td>\n",
       "      <td>0.471931</td>\n",
       "      <td>0.387748</td>\n",
       "      <td>0.379926</td>\n",
       "      <td>0.384377</td>\n",
       "      <td>0.646352</td>\n",
       "      <td>0.491783</td>\n",
       "    </tr>\n",
       "    <tr>\n",
       "      <th>Crime</th>\n",
       "      <td>0.364897</td>\n",
       "      <td>0.803562</td>\n",
       "      <td>0.650536</td>\n",
       "      <td>0.702164</td>\n",
       "      <td>1.000000</td>\n",
       "      <td>0.289151</td>\n",
       "      <td>0.422055</td>\n",
       "      <td>0.450467</td>\n",
       "      <td>0.701130</td>\n",
       "      <td>0.281047</td>\n",
       "      <td>0.310511</td>\n",
       "      <td>0.349360</td>\n",
       "      <td>0.297321</td>\n",
       "      <td>0.481107</td>\n",
       "      <td>0.460968</td>\n",
       "      <td>0.420063</td>\n",
       "      <td>0.462907</td>\n",
       "      <td>0.507797</td>\n",
       "      <td>0.503363</td>\n",
       "    </tr>\n",
       "    <tr>\n",
       "      <th>Documentary</th>\n",
       "      <td>0.273702</td>\n",
       "      <td>0.252943</td>\n",
       "      <td>0.291962</td>\n",
       "      <td>0.263122</td>\n",
       "      <td>0.289151</td>\n",
       "      <td>1.000000</td>\n",
       "      <td>0.247916</td>\n",
       "      <td>0.216827</td>\n",
       "      <td>0.337446</td>\n",
       "      <td>0.169529</td>\n",
       "      <td>0.257017</td>\n",
       "      <td>0.192158</td>\n",
       "      <td>0.198267</td>\n",
       "      <td>0.221919</td>\n",
       "      <td>0.214639</td>\n",
       "      <td>0.240606</td>\n",
       "      <td>0.312933</td>\n",
       "      <td>0.220365</td>\n",
       "      <td>0.274301</td>\n",
       "    </tr>\n",
       "    <tr>\n",
       "      <th>Adventure</th>\n",
       "      <td>0.592527</td>\n",
       "      <td>0.478655</td>\n",
       "      <td>0.797106</td>\n",
       "      <td>0.456686</td>\n",
       "      <td>0.422055</td>\n",
       "      <td>0.247916</td>\n",
       "      <td>1.000000</td>\n",
       "      <td>0.719617</td>\n",
       "      <td>0.537524</td>\n",
       "      <td>0.801408</td>\n",
       "      <td>0.530574</td>\n",
       "      <td>0.794288</td>\n",
       "      <td>0.831916</td>\n",
       "      <td>0.530338</td>\n",
       "      <td>0.534050</td>\n",
       "      <td>0.451217</td>\n",
       "      <td>0.386237</td>\n",
       "      <td>0.464983</td>\n",
       "      <td>0.784823</td>\n",
       "    </tr>\n",
       "    <tr>\n",
       "      <th>Science Fiction</th>\n",
       "      <td>0.535230</td>\n",
       "      <td>0.632004</td>\n",
       "      <td>0.781199</td>\n",
       "      <td>0.554591</td>\n",
       "      <td>0.450467</td>\n",
       "      <td>0.216827</td>\n",
       "      <td>0.719617</td>\n",
       "      <td>1.000000</td>\n",
       "      <td>0.512783</td>\n",
       "      <td>0.598825</td>\n",
       "      <td>0.354121</td>\n",
       "      <td>0.613756</td>\n",
       "      <td>0.575048</td>\n",
       "      <td>0.428716</td>\n",
       "      <td>0.385528</td>\n",
       "      <td>0.382743</td>\n",
       "      <td>0.295121</td>\n",
       "      <td>0.641385</td>\n",
       "      <td>0.601664</td>\n",
       "    </tr>\n",
       "    <tr>\n",
       "      <th>Drama</th>\n",
       "      <td>0.511371</td>\n",
       "      <td>0.747659</td>\n",
       "      <td>0.623967</td>\n",
       "      <td>0.662259</td>\n",
       "      <td>0.701130</td>\n",
       "      <td>0.337446</td>\n",
       "      <td>0.537524</td>\n",
       "      <td>0.512783</td>\n",
       "      <td>1.000000</td>\n",
       "      <td>0.351065</td>\n",
       "      <td>0.497333</td>\n",
       "      <td>0.496137</td>\n",
       "      <td>0.432878</td>\n",
       "      <td>0.725442</td>\n",
       "      <td>0.603654</td>\n",
       "      <td>0.706889</td>\n",
       "      <td>0.748685</td>\n",
       "      <td>0.516213</td>\n",
       "      <td>0.542533</td>\n",
       "    </tr>\n",
       "    <tr>\n",
       "      <th>Animation</th>\n",
       "      <td>0.599006</td>\n",
       "      <td>0.276127</td>\n",
       "      <td>0.589238</td>\n",
       "      <td>0.365163</td>\n",
       "      <td>0.281047</td>\n",
       "      <td>0.169529</td>\n",
       "      <td>0.801408</td>\n",
       "      <td>0.598825</td>\n",
       "      <td>0.351065</td>\n",
       "      <td>1.000000</td>\n",
       "      <td>0.590689</td>\n",
       "      <td>0.775147</td>\n",
       "      <td>0.926371</td>\n",
       "      <td>0.421453</td>\n",
       "      <td>0.339857</td>\n",
       "      <td>0.239284</td>\n",
       "      <td>0.198830</td>\n",
       "      <td>0.339585</td>\n",
       "      <td>0.789651</td>\n",
       "    </tr>\n",
       "    <tr>\n",
       "      <th>Music</th>\n",
       "      <td>0.580721</td>\n",
       "      <td>0.261950</td>\n",
       "      <td>0.364484</td>\n",
       "      <td>0.314863</td>\n",
       "      <td>0.310511</td>\n",
       "      <td>0.257017</td>\n",
       "      <td>0.530574</td>\n",
       "      <td>0.354121</td>\n",
       "      <td>0.497333</td>\n",
       "      <td>0.590689</td>\n",
       "      <td>1.000000</td>\n",
       "      <td>0.609684</td>\n",
       "      <td>0.677975</td>\n",
       "      <td>0.597030</td>\n",
       "      <td>0.319886</td>\n",
       "      <td>0.277159</td>\n",
       "      <td>0.303492</td>\n",
       "      <td>0.281107</td>\n",
       "      <td>0.711368</td>\n",
       "    </tr>\n",
       "    <tr>\n",
       "      <th>Fantasy</th>\n",
       "      <td>0.615960</td>\n",
       "      <td>0.419476</td>\n",
       "      <td>0.625936</td>\n",
       "      <td>0.449878</td>\n",
       "      <td>0.349360</td>\n",
       "      <td>0.192158</td>\n",
       "      <td>0.794288</td>\n",
       "      <td>0.613756</td>\n",
       "      <td>0.496137</td>\n",
       "      <td>0.775147</td>\n",
       "      <td>0.609684</td>\n",
       "      <td>1.000000</td>\n",
       "      <td>0.827836</td>\n",
       "      <td>0.550375</td>\n",
       "      <td>0.382767</td>\n",
       "      <td>0.303073</td>\n",
       "      <td>0.259801</td>\n",
       "      <td>0.545390</td>\n",
       "      <td>0.781311</td>\n",
       "    </tr>\n",
       "    <tr>\n",
       "      <th>Family</th>\n",
       "      <td>0.676505</td>\n",
       "      <td>0.280956</td>\n",
       "      <td>0.571553</td>\n",
       "      <td>0.368790</td>\n",
       "      <td>0.297321</td>\n",
       "      <td>0.198267</td>\n",
       "      <td>0.831916</td>\n",
       "      <td>0.575048</td>\n",
       "      <td>0.432878</td>\n",
       "      <td>0.926371</td>\n",
       "      <td>0.677975</td>\n",
       "      <td>0.827836</td>\n",
       "      <td>1.000000</td>\n",
       "      <td>0.521147</td>\n",
       "      <td>0.373618</td>\n",
       "      <td>0.264771</td>\n",
       "      <td>0.244276</td>\n",
       "      <td>0.334294</td>\n",
       "      <td>0.857971</td>\n",
       "    </tr>\n",
       "    <tr>\n",
       "      <th>Romance</th>\n",
       "      <td>0.495483</td>\n",
       "      <td>0.495854</td>\n",
       "      <td>0.473524</td>\n",
       "      <td>0.471931</td>\n",
       "      <td>0.481107</td>\n",
       "      <td>0.221919</td>\n",
       "      <td>0.530338</td>\n",
       "      <td>0.428716</td>\n",
       "      <td>0.725442</td>\n",
       "      <td>0.421453</td>\n",
       "      <td>0.597030</td>\n",
       "      <td>0.550375</td>\n",
       "      <td>0.521147</td>\n",
       "      <td>1.000000</td>\n",
       "      <td>0.498564</td>\n",
       "      <td>0.486483</td>\n",
       "      <td>0.473519</td>\n",
       "      <td>0.373366</td>\n",
       "      <td>0.641448</td>\n",
       "    </tr>\n",
       "    <tr>\n",
       "      <th>Western</th>\n",
       "      <td>0.354297</td>\n",
       "      <td>0.468874</td>\n",
       "      <td>0.555539</td>\n",
       "      <td>0.387748</td>\n",
       "      <td>0.460968</td>\n",
       "      <td>0.214639</td>\n",
       "      <td>0.534050</td>\n",
       "      <td>0.385528</td>\n",
       "      <td>0.603654</td>\n",
       "      <td>0.339857</td>\n",
       "      <td>0.319886</td>\n",
       "      <td>0.382767</td>\n",
       "      <td>0.373618</td>\n",
       "      <td>0.498564</td>\n",
       "      <td>1.000000</td>\n",
       "      <td>0.429411</td>\n",
       "      <td>0.433182</td>\n",
       "      <td>0.347704</td>\n",
       "      <td>0.455509</td>\n",
       "    </tr>\n",
       "    <tr>\n",
       "      <th>War</th>\n",
       "      <td>0.326719</td>\n",
       "      <td>0.527351</td>\n",
       "      <td>0.573059</td>\n",
       "      <td>0.379926</td>\n",
       "      <td>0.420063</td>\n",
       "      <td>0.240606</td>\n",
       "      <td>0.451217</td>\n",
       "      <td>0.382743</td>\n",
       "      <td>0.706889</td>\n",
       "      <td>0.239284</td>\n",
       "      <td>0.277159</td>\n",
       "      <td>0.303073</td>\n",
       "      <td>0.264771</td>\n",
       "      <td>0.486483</td>\n",
       "      <td>0.429411</td>\n",
       "      <td>1.000000</td>\n",
       "      <td>0.799357</td>\n",
       "      <td>0.335557</td>\n",
       "      <td>0.334201</td>\n",
       "    </tr>\n",
       "    <tr>\n",
       "      <th>History</th>\n",
       "      <td>0.332524</td>\n",
       "      <td>0.504018</td>\n",
       "      <td>0.479258</td>\n",
       "      <td>0.384377</td>\n",
       "      <td>0.462907</td>\n",
       "      <td>0.312933</td>\n",
       "      <td>0.386237</td>\n",
       "      <td>0.295121</td>\n",
       "      <td>0.748685</td>\n",
       "      <td>0.198830</td>\n",
       "      <td>0.303492</td>\n",
       "      <td>0.259801</td>\n",
       "      <td>0.244276</td>\n",
       "      <td>0.473519</td>\n",
       "      <td>0.433182</td>\n",
       "      <td>0.799357</td>\n",
       "      <td>1.000000</td>\n",
       "      <td>0.285758</td>\n",
       "      <td>0.298909</td>\n",
       "    </tr>\n",
       "    <tr>\n",
       "      <th>Horror</th>\n",
       "      <td>0.410583</td>\n",
       "      <td>0.717057</td>\n",
       "      <td>0.612385</td>\n",
       "      <td>0.646352</td>\n",
       "      <td>0.507797</td>\n",
       "      <td>0.220365</td>\n",
       "      <td>0.464983</td>\n",
       "      <td>0.641385</td>\n",
       "      <td>0.516213</td>\n",
       "      <td>0.339585</td>\n",
       "      <td>0.281107</td>\n",
       "      <td>0.545390</td>\n",
       "      <td>0.334294</td>\n",
       "      <td>0.373366</td>\n",
       "      <td>0.347704</td>\n",
       "      <td>0.335557</td>\n",
       "      <td>0.285758</td>\n",
       "      <td>1.000000</td>\n",
       "      <td>0.466110</td>\n",
       "    </tr>\n",
       "    <tr>\n",
       "      <th>Comedy</th>\n",
       "      <td>0.677208</td>\n",
       "      <td>0.440748</td>\n",
       "      <td>0.641312</td>\n",
       "      <td>0.491783</td>\n",
       "      <td>0.503363</td>\n",
       "      <td>0.274301</td>\n",
       "      <td>0.784823</td>\n",
       "      <td>0.601664</td>\n",
       "      <td>0.542533</td>\n",
       "      <td>0.789651</td>\n",
       "      <td>0.711368</td>\n",
       "      <td>0.781311</td>\n",
       "      <td>0.857971</td>\n",
       "      <td>0.641448</td>\n",
       "      <td>0.455509</td>\n",
       "      <td>0.334201</td>\n",
       "      <td>0.298909</td>\n",
       "      <td>0.466110</td>\n",
       "      <td>1.000000</td>\n",
       "    </tr>\n",
       "  </tbody>\n",
       "</table>\n",
       "</div>"
      ],
      "text/plain": [
       "                 TV Movie  Thriller    Action   Mystery     Crime  \\\n",
       "TV Movie         1.000000  0.394733  0.513236  0.396730  0.364897   \n",
       "Thriller         0.394733  1.000000  0.717784  0.803086  0.803562   \n",
       "Action           0.513236  0.717784  1.000000  0.554684  0.650536   \n",
       "Mystery          0.396730  0.803086  0.554684  1.000000  0.702164   \n",
       "Crime            0.364897  0.803562  0.650536  0.702164  1.000000   \n",
       "Documentary      0.273702  0.252943  0.291962  0.263122  0.289151   \n",
       "Adventure        0.592527  0.478655  0.797106  0.456686  0.422055   \n",
       "Science Fiction  0.535230  0.632004  0.781199  0.554591  0.450467   \n",
       "Drama            0.511371  0.747659  0.623967  0.662259  0.701130   \n",
       "Animation        0.599006  0.276127  0.589238  0.365163  0.281047   \n",
       "Music            0.580721  0.261950  0.364484  0.314863  0.310511   \n",
       "Fantasy          0.615960  0.419476  0.625936  0.449878  0.349360   \n",
       "Family           0.676505  0.280956  0.571553  0.368790  0.297321   \n",
       "Romance          0.495483  0.495854  0.473524  0.471931  0.481107   \n",
       "Western          0.354297  0.468874  0.555539  0.387748  0.460968   \n",
       "War              0.326719  0.527351  0.573059  0.379926  0.420063   \n",
       "History          0.332524  0.504018  0.479258  0.384377  0.462907   \n",
       "Horror           0.410583  0.717057  0.612385  0.646352  0.507797   \n",
       "Comedy           0.677208  0.440748  0.641312  0.491783  0.503363   \n",
       "\n",
       "                 Documentary  Adventure  Science Fiction     Drama  Animation  \\\n",
       "TV Movie            0.273702   0.592527         0.535230  0.511371   0.599006   \n",
       "Thriller            0.252943   0.478655         0.632004  0.747659   0.276127   \n",
       "Action              0.291962   0.797106         0.781199  0.623967   0.589238   \n",
       "Mystery             0.263122   0.456686         0.554591  0.662259   0.365163   \n",
       "Crime               0.289151   0.422055         0.450467  0.701130   0.281047   \n",
       "Documentary         1.000000   0.247916         0.216827  0.337446   0.169529   \n",
       "Adventure           0.247916   1.000000         0.719617  0.537524   0.801408   \n",
       "Science Fiction     0.216827   0.719617         1.000000  0.512783   0.598825   \n",
       "Drama               0.337446   0.537524         0.512783  1.000000   0.351065   \n",
       "Animation           0.169529   0.801408         0.598825  0.351065   1.000000   \n",
       "Music               0.257017   0.530574         0.354121  0.497333   0.590689   \n",
       "Fantasy             0.192158   0.794288         0.613756  0.496137   0.775147   \n",
       "Family              0.198267   0.831916         0.575048  0.432878   0.926371   \n",
       "Romance             0.221919   0.530338         0.428716  0.725442   0.421453   \n",
       "Western             0.214639   0.534050         0.385528  0.603654   0.339857   \n",
       "War                 0.240606   0.451217         0.382743  0.706889   0.239284   \n",
       "History             0.312933   0.386237         0.295121  0.748685   0.198830   \n",
       "Horror              0.220365   0.464983         0.641385  0.516213   0.339585   \n",
       "Comedy              0.274301   0.784823         0.601664  0.542533   0.789651   \n",
       "\n",
       "                    Music   Fantasy    Family   Romance   Western       War  \\\n",
       "TV Movie         0.580721  0.615960  0.676505  0.495483  0.354297  0.326719   \n",
       "Thriller         0.261950  0.419476  0.280956  0.495854  0.468874  0.527351   \n",
       "Action           0.364484  0.625936  0.571553  0.473524  0.555539  0.573059   \n",
       "Mystery          0.314863  0.449878  0.368790  0.471931  0.387748  0.379926   \n",
       "Crime            0.310511  0.349360  0.297321  0.481107  0.460968  0.420063   \n",
       "Documentary      0.257017  0.192158  0.198267  0.221919  0.214639  0.240606   \n",
       "Adventure        0.530574  0.794288  0.831916  0.530338  0.534050  0.451217   \n",
       "Science Fiction  0.354121  0.613756  0.575048  0.428716  0.385528  0.382743   \n",
       "Drama            0.497333  0.496137  0.432878  0.725442  0.603654  0.706889   \n",
       "Animation        0.590689  0.775147  0.926371  0.421453  0.339857  0.239284   \n",
       "Music            1.000000  0.609684  0.677975  0.597030  0.319886  0.277159   \n",
       "Fantasy          0.609684  1.000000  0.827836  0.550375  0.382767  0.303073   \n",
       "Family           0.677975  0.827836  1.000000  0.521147  0.373618  0.264771   \n",
       "Romance          0.597030  0.550375  0.521147  1.000000  0.498564  0.486483   \n",
       "Western          0.319886  0.382767  0.373618  0.498564  1.000000  0.429411   \n",
       "War              0.277159  0.303073  0.264771  0.486483  0.429411  1.000000   \n",
       "History          0.303492  0.259801  0.244276  0.473519  0.433182  0.799357   \n",
       "Horror           0.281107  0.545390  0.334294  0.373366  0.347704  0.335557   \n",
       "Comedy           0.711368  0.781311  0.857971  0.641448  0.455509  0.334201   \n",
       "\n",
       "                  History    Horror    Comedy  \n",
       "TV Movie         0.332524  0.410583  0.677208  \n",
       "Thriller         0.504018  0.717057  0.440748  \n",
       "Action           0.479258  0.612385  0.641312  \n",
       "Mystery          0.384377  0.646352  0.491783  \n",
       "Crime            0.462907  0.507797  0.503363  \n",
       "Documentary      0.312933  0.220365  0.274301  \n",
       "Adventure        0.386237  0.464983  0.784823  \n",
       "Science Fiction  0.295121  0.641385  0.601664  \n",
       "Drama            0.748685  0.516213  0.542533  \n",
       "Animation        0.198830  0.339585  0.789651  \n",
       "Music            0.303492  0.281107  0.711368  \n",
       "Fantasy          0.259801  0.545390  0.781311  \n",
       "Family           0.244276  0.334294  0.857971  \n",
       "Romance          0.473519  0.373366  0.641448  \n",
       "Western          0.433182  0.347704  0.455509  \n",
       "War              0.799357  0.335557  0.334201  \n",
       "History          1.000000  0.285758  0.298909  \n",
       "Horror           0.285758  1.000000  0.466110  \n",
       "Comedy           0.298909  0.466110  1.000000  "
      ]
     },
     "execution_count": 8,
     "metadata": {},
     "output_type": "execute_result"
    }
   ],
   "source": [
    "genres_cs = pd.read_csv('data/genres_cosine_similarity.csv', index_col=0)\n",
    "genres_cs"
   ]
  },
  {
   "cell_type": "code",
   "execution_count": 6,
   "metadata": {},
   "outputs": [
    {
     "data": {
      "text/html": [
       "<div>\n",
       "<style scoped>\n",
       "    .dataframe tbody tr th:only-of-type {\n",
       "        vertical-align: middle;\n",
       "    }\n",
       "\n",
       "    .dataframe tbody tr th {\n",
       "        vertical-align: top;\n",
       "    }\n",
       "\n",
       "    .dataframe thead th {\n",
       "        text-align: right;\n",
       "    }\n",
       "</style>\n",
       "<table border=\"1\" class=\"dataframe\">\n",
       "  <thead>\n",
       "    <tr style=\"text-align: right;\">\n",
       "      <th></th>\n",
       "      <th>Action</th>\n",
       "      <th>Adventure</th>\n",
       "      <th>Animation</th>\n",
       "      <th>Comedy</th>\n",
       "      <th>Crime</th>\n",
       "      <th>Documentary</th>\n",
       "      <th>Drama</th>\n",
       "      <th>Family</th>\n",
       "      <th>Fantasy</th>\n",
       "      <th>History</th>\n",
       "      <th>Horror</th>\n",
       "      <th>Music</th>\n",
       "      <th>Mystery</th>\n",
       "      <th>Romance</th>\n",
       "      <th>Science Fiction</th>\n",
       "      <th>TV Movie</th>\n",
       "      <th>Thriller</th>\n",
       "      <th>War</th>\n",
       "      <th>Western</th>\n",
       "    </tr>\n",
       "    <tr>\n",
       "      <th>id</th>\n",
       "      <th></th>\n",
       "      <th></th>\n",
       "      <th></th>\n",
       "      <th></th>\n",
       "      <th></th>\n",
       "      <th></th>\n",
       "      <th></th>\n",
       "      <th></th>\n",
       "      <th></th>\n",
       "      <th></th>\n",
       "      <th></th>\n",
       "      <th></th>\n",
       "      <th></th>\n",
       "      <th></th>\n",
       "      <th></th>\n",
       "      <th></th>\n",
       "      <th></th>\n",
       "      <th></th>\n",
       "      <th></th>\n",
       "    </tr>\n",
       "  </thead>\n",
       "  <tbody>\n",
       "    <tr>\n",
       "      <th>385687</th>\n",
       "      <td>1</td>\n",
       "      <td>0</td>\n",
       "      <td>0</td>\n",
       "      <td>0</td>\n",
       "      <td>1</td>\n",
       "      <td>0</td>\n",
       "      <td>0</td>\n",
       "      <td>0</td>\n",
       "      <td>0</td>\n",
       "      <td>0</td>\n",
       "      <td>0</td>\n",
       "      <td>0</td>\n",
       "      <td>0</td>\n",
       "      <td>0</td>\n",
       "      <td>0</td>\n",
       "      <td>0</td>\n",
       "      <td>1</td>\n",
       "      <td>0</td>\n",
       "      <td>0</td>\n",
       "    </tr>\n",
       "    <tr>\n",
       "      <th>697843</th>\n",
       "      <td>1</td>\n",
       "      <td>0</td>\n",
       "      <td>0</td>\n",
       "      <td>0</td>\n",
       "      <td>0</td>\n",
       "      <td>0</td>\n",
       "      <td>0</td>\n",
       "      <td>0</td>\n",
       "      <td>0</td>\n",
       "      <td>0</td>\n",
       "      <td>0</td>\n",
       "      <td>0</td>\n",
       "      <td>0</td>\n",
       "      <td>0</td>\n",
       "      <td>0</td>\n",
